ID
445004
741007
1370007
2547000
3331008
3381004
4365001
5422005
5616006
5636007
6703006
6832004
7171009
7189005
7443007
10132008
11349001
12265000
13837003
14861000
15018006
17756004
18243008
18629005
19063003
19688005
19725004
21516005
21608006
21810005
21829004
22432007
22997007
23661008
24339001
24442008
24893009
26289005
26573008
27290008
27513008
27660008
28367004
28729000
31501000
31591008
33187003
33757002
33879002
34444003
36123008
36491007
36673005
36917004
37174005
37931006
38936003
39834009
40670003
41447009
42689008
42818005
44558001
44578009
45372001
45495006
46420000
46995009
47118000
47195003
47411002
47534009
47864008
48219004
49723003
49844009
50465008
50991004
51031005
51575000
52224004
52776004
53328006
54790000
56142003
56237003
56888007
57751008
58188004
58390007
64103003
64597002
64844000
65060007
65677008
68076002
68471001
68860005
68984001
70536003
70805003
70852009
70950000
71861002
72144004
72489008
72767005
73689008
75068001
76363009
76956004
77830003
77871009
78428006
78603008
79604008
79708004
79764004
80444007
80641008
81977006
82177008
82408006
82936005
83493003
84555004
85830006
85947008
88748005
89207003
90472003
91951001
106028002
111342009
111590001
111643005
112762000
116244007
118163007
118292001
118445002
118456002
118458001
118635009
118823008
119334006
119359002
119726002
119882007
119888006
119899008
122506003
122737001
123014005
125605004
127598004
128258000
128422009
128863005
129239000
129241004
129242006
129245008
163879005
165238003
168139001
168854009
168859004
171115003
171125008
171126009
171130007
171132004
171134003
171136001
171182009
171183004
171189000
171190009
171201007
171218006
171219003
171221008
171222001
171228002
171231001
171233003
171237002
171238007
171239004
171570008
171582004
171659008
171660003
171662006
171838003
171849009
171850009
172134000
172508004
172565003
172637008
172732009
172884005
172950007
172981003
173067007
173085000
173141004
173281003
173502007
173510008
173520003
173889005
174247000
174571008
174681004
174734009
175211006
175263004
175557007
175852005
176043008
176063001
176453001
176461006
177860007
177861006
178156005
178165003
178483004
178583001
178618008
179109001
179141007
179855002
180005008
183253002
183254008
183260008
189155007
189234004
193134004
201936007
201937003
203228001
208234006
208369005
208370006
208384001
208416005
208418006
208434009
208436006
208437002
208450001
208452009
208453004
208467008
208470007
208472004
208474003
208603000
208604006
208697005
224999007
225434001
225601007
225668003
225678000
225973006
226051008
228339006
228340008
228595003
228596002
228610003
228621007
230987004
230990005
231129009
231136005
231154009
231159004
231160009
231161008
231175001
231186004
231192005
231215002
231219008
231721004
231760002
231959000
232464005
232470004
232538001
232628003
232689008
232692007
232843004
232845006
232888003
232889006
233199008
233414009
233415005
233423007
233495009
234293009
234294003
234335003
234336002
234707000
234943004
235173003
235235005
235245007
235293001
235315006
235370009
235389009
235390000
235473007
235493004
235524001
235780005
236147004
236189007
236255001
236266008
236329000
236445002
236446001
236447005
236862004
236866001
236938008
236941004
238170001
238198003
239237006
239282005
239294001
239542002
239606002
239624000
241730005
243704004
243751002
243757003
243791004
247582001
247585004
247610006
247613008
247887003
248591004
251735009
252846004
254628007
254629004
254640007
254641006
254688005
254920003
255682001
257865002
258415003
258421004
258442002
258455001
258510005
258512002
258610001
265228007
265291005
265446003
265463004
265546000
265582005
265859004
266728003
266733004
268551005
269489006
271487006
274000001
274300005
274412005
274501008
275066000
277027009
277188003
278257006
278538001
280960002
281255004
281706009
281756004
281758003
282043004
282301004
282302006
282318000
282324006
282326008
282840000
282843003
282846006
282847002
282850004
282865003
282868001
283179001
283180003
283183001
283184007
283185008
283187000
283250003
283251004
283252006
283263009
283264003
283272001
283276003
284103007
284136008
284139001
284140004
284150003
284153001
284165002
284166001
284246001
284611001
285034004
285171000
285174008
285177001
285187002
285190008
285191007
285193005
285196002
285207005
285210003
285219002
285225003
285227006
285252008
285302001
285439001
285628005
285629002
285773007
285774001
285779006
285796007
285845002
285852000
286207000
286210007
286212004
286215002
286216001
286251009
286252002
286255000
286257008
286272007
286273002
286276005
286278006
286298001
286299009
286322008
286333006
286335004
286336003
286569004
286848005
286849002
287771008
288022008
288575003
288576002
288578001
288579009
288812003
288813008
288815001
288854000
288856003
288857007
288873001
288876009
288885009
288896001
288898000
288905008
288907000
288908005
288910007
288922005
288931005
288933008
288938004
288939007
288944000
288945004
288970004
288972007
288974008
288976005
288977001
288980000
288982008
288983003
288986006
288988007
288989004
288991007
288992000
288995003
288997006
288998001
289080009
289083006
289084000
289100008
289109009
289111000
289120009
289121008
289161009
290036002
299812007
299816005
300007000
300013009
300024006
300026008
300896003
301083005
301140001
301239007
301298001
301568007
301574007
301586005
301623009
301629008
301635008
301641001
301685004
301891000
301976001
301994007
301997000
301999002
302042005
302130002
302270002
302354002
302396003
302410007
302612008
303238005
303373009
303376001
303377005
303384002
303689004
304642007
304643002
304646005
304647001
304648006
304650003
304651004
304689009
307068005
307070001
307071002
307085007
307087004
307563007
307582003
309055005
309058007
309201001
309211008
309212001
309214000
309225009
309253009
309260003
309425006
309503002
309723003
311488002
311490001
312631009
312633007
312634001
312851005
312871001
313030004
315306007
359574001
359603000
359612003
363319005
363688001
363691001
364779005
364783005
364784004
364787006
364789009
364790000
364791001
364793003
364795005
364797002
364798007
364805005
364806006
364808007
364809004
364810009
364826005
364833005
364892002
364894001
364897008
364900001
364905006
364906007
364908008
364909000
364912002
364913007
364933006
364934000
364936003
364943009
364945002
364972005
364989002
365013001
365026002
365027006
365028001
365030004
365033002
365088003
365092005
365110000
365111001
365114009
365122002
365123007
365124001
365125000
365132009
365197001
365219005
365233005
365364005
365375009
365387002
365551005
365583004
365606002
365628002
365639004
365650001
365672004
365715000
365748000
365770002
365792003
365803008
365875000
365887007
365891002
365892009
365893004
365895006
365896007
365898008
365899000
365900005
365902002
365922003
365923008
365924002
365925001
365926000
365940004
365946005
365975004
366054000
366387007
366647005
366657006
370854007
371549000
371552008
373575008
373670005
384708008
386695005
386761002
387614002
387713003
390735007
390868005
391277002
391475007
391906003
391999003
392005004
396999004
397787008
397896001
398216007
399097000
401240008
405317002
409561002
413057001
413146008
415069007
416100002
416209007
416325004
416539003
417994007
418050001
427556004
429196001
429339004
441813004
442095009
443192000
445012003
