ID
138875005
116680003
103335007
103366001
103367005
103368000
103369008
103370009
103371008
103372001
103373006
103374000
103375004
103376003
103377007
103378002
103421006
10546003
106237007
112236005
116673000
116674006
116675007
116676008
116677004
116678009
116679001
116681004
116682006
116683001
116684007
116685008
116686009
116687000
116688005
116689002
116690006
116691005
116692003
116693008
116694002
116696000
116697009
116698004
116699007
116700008
116701007
116702000
116703005
116704004
116705003
116706002
118168003
118169006
118170007
118171006
118172004
118173009
123005000
1241001
127484005
127485006
127486007
127487003
127488008
127489000
129450000
129453003
131195008
134198009
149016008
15792004
159083000
168666000
178066000
18720000
19096001
20401003
21191007
225794002
229620004
229753003
230117008
230118003
230119006
23981006
246061005
246062003
246063008
246064002
246065001
246066000
246067009
246068004
246069007
246070008
246071007
246072000
246073005
246075003
246076002
246077006
246078001
246079009
246080007
246082004
246083009
246084003
246085002
246086001
246087005
246088000
246089008
246090004
246091000
246092007
246093002
246094008
246095009
246096005
246097001
246098006
246099003
246101005
246102003
246103008
246104002
246105001
246106000
246107009
246108004
246110002
246111003
246112005
246113000
246114006
246115007
246134007
246136009
246137000
246138005
246140000
246141001
246142008
246143003
246144009
246145005
246146006
246147002
246148007
246149004
246150004
246151000
246152007
246153002
246154008
246155009
246156005
246157001
246158006
246159003
246160008
246161007
246162000
246163005
246164004
246165003
246166002
246167006
246168001
246169009
246170005
246171009
246173007
246174001
246175000
246176004
246177008
246178003
246179006
246181008
246182001
246183006
246185004
246186003
246187007
246189005
246190001
246191002
246192009
246193004
246194005
246195006
246196007
246197003
246198008
246199000
246200002
246201003
246202005
246203000
246204006
246205007
246215001
246216000
246217009
246218004
246219007
246220001
246221002
246222009
246224005
246225006
246226007
246227003
246228008
246229000
246230005
246231009
246232002
246233007
246234001
246235000
246236004
246237008
246238003
246240008
246241007
246242000
246243005
246244004
246245003
246246002
246247006
246248001
246249009
246250009
246251008
246252001
246253006
246254000
246255004
246256003
246257007
246258002
246259005
246260000
246261001
246262008
246263003
246264009
246265005
246266006
246267002
246268007
246269004
246270003
246271004
246272006
246273001
246274007
246275008
246276009
246277000
246278005
246280004
246281000
246282007
246283002
246284008
246285009
246286005
246287001
246288006
246289003
246290007
246291006
246293009
246294003
246295002
246296001
246297005
246298000
246299008
246300000
246301001
246302008
246303003
246304009
246305005
246306006
246307002
246308007
246309004
246310009
246311008
246312001
246313006
246314000
246315004
246316003
246317007
246318002
246321000
246322007
246323002
246324008
246325009
246326005
246327001
246328006
246329003
246330008
246331007
246332000
246333005
246334004
246335003
246336002
246337006
246338001
246339009
246340006
246341005
246343008
246344002
246345001
246346000
246347009
246348004
246349007
246351006
246352004
246353009
246354003
246355002
246356001
246358000
246359008
246360003
246361004
246362006
246364007
246365008
246366009
246367000
246368005
246369002
246370001
246371002
246372009
246373004
246375006
246376007
246378008
246379000
246380002
246381003
246382005
246383000
246384006
246385007
246386008
246387004
246388009
246389001
246390005
246391009
246392002
246393007
246394001
246395000
246396004
246397008
246398003
246399006
246400004
246401000
246402007
246403002
246404008
246405009
246406005
246407001
246408006
246409003
246410008
246411007
246412000
246413005
246414004
246415003
246416002
246417006
246418001
246419009
246420003
246421004
246422006
246423001
246424007
246425008
246426009
246427000
246428005
246429002
246430007
246431006
246445000
246446004
246447008
246448003
246449006
246450006
246451005
246452003
246453008
246454002
246456000
246457009
246458004
246459007
246460002
246461003
246462005
246463000
246468009
246469001
246470000
246471001
246472008
246474009
246475005
246476006
246477002
246478007
246479004
246480001
246481002
246482009
246483004
246484005
246485006
246486007
246487003
246488008
246489000
246490009
246491008
246492001
246493006
246494000
246495004
246496003
246497007
246498002
246499005
246500001
246501002
246508008
246509000
246510005
246512002
246513007
246514001
246515000
246516004
246517008
255234002
255260001
255460003
255711007
25609006
258214002
260225008
260507000
260664000
260670006
260671005
260672003
260673008
260674002
260676000
260677009
260678004
260679007
260680005
260681009
260682002
260683007
260684001
260685000
260686004
260687008
260695007
260697004
260698009
260699001
260701001
260703003
260704009
260705005
260706006
260707002
260708007
260709004
260711008
260713006
260714000
260715004
260716003
260717007
260718002
260719005
260720004
260721000
260722007
260723002
260724008
260726005
260727001
260728006
260730008
260731007
260732000
260733005
260734004
260735003
260736002
260737006
260738001
260739009
260740006
260741005
260742003
260743008
260744002
260745001
260746000
260747009
260748004
260749007
260750007
260751006
260752004
260753009
260754003
260755002
260756001
260757005
260758000
260759008
260760003
260761004
260762006
260763001
260764007
260765008
260766009
260767000
260768005
260770001
260771002
260772009
260774005
260775006
260776007
260780002
260781003
260782005
260783000
260784006
260785007
260788009
260790005
260791009
260792002
260793007
260794001
260795000
260796004
260797008
260798003
260799006
260800005
260801009
260802002
260803007
260804001
260805000
260806004
260807008
260808003
260809006
260810001
260811002
260812009
260813004
260814005
260815006
260816007
260817003
260818008
260819000
260820006
260821005
260822003
260823008
260824002
260826000
260827009
260828004
260829007
260830002
260831003
260832005
260833000
260834006
260835007
260836008
260837004
260838009
260839001
260840004
260841000
260842007
260843002
260844008
260845009
260846005
260847001
260848006
260849003
260850003
260851004
260852006
260853001
260854007
260855008
260856009
260857000
260858005
260859002
260860007
260861006
260862004
260863009
260864003
260865002
260866001
260868000
260869008
260870009
260871008
260872001
260873006
260874000
260875004
260876003
260878002
260879005
260880008
260881007
260882000
260883005
260884004
260885003
260886002
260887006
260888001
260890000
260891001
260892008
260893003
260894009
260895005
260896006
260897002
260898007
260899004
260900009
260902001
260903006
260904000
260905004
260906003
260907007
260909005
260910000
260911001
260913003
260914009
260915005
260916006
260917002
260918007
260919004
260920005
260921009
260922002
260923007
260924001
260925000
260926004
260928003
260929006
260930001
260932009
260933004
260934005
260935006
260936007
260937003
260938008
260939000
260940003
260941004
260942006
260944007
260945008
260946009
260947000
260949002
260950002
260973005
260974004
260977006
260978001
260979009
261217004
263485007
263486008
263488009
263490005
263491009
263492002
263493007
263494001
263496004
263497008
263498003
263499006
263502005
263503000
263504006
263505007
263506008
263507004
263508009
263509001
263510006
263511005
263512003
263513008
263514002
263515001
263516000
263517009
263518004
263519007
263520001
263521002
263522009
263523004
263524005
263525006
263526007
263527003
263528008
263529000
263530005
263531009
263532002
263533007
263534001
263535000
263536004
263538003
263539006
263540008
263541007
263542000
263543005
263544004
263545003
263546002
263547006
263548001
263549009
263550009
263551008
263552001
263553006
263554000
263555004
263556003
263557007
263558002
263559005
263560000
263561001
263562008
263563003
263564009
263565005
263566006
263567002
263568007
263569004
263570003
263571004
263572006
263573001
263574007
263575008
263576009
263577000
263578005
263579002
263580004
263581000
263582007
263583002
263584008
263585009
263586005
263587001
263588006
263589003
263590007
263591006
263592004
263593009
263594003
263595002
263596001
263597005
263598000
263599008
263600006
263601005
263602003
263603008
263606000
263607009
263608004
263609007
263610002
263619001
263620007
263621006
263622004
263623009
263624003
263625002
263628000
263629008
263630003
263631004
263632006
263633001
263635008
263636009
263637000
263639002
263640000
263641001
263642008
263643003
263644009
263645005
263646006
263647002
263648007
263649004
263718001
264921002
272732008
272733003
272734009
272735005
272736006
272737002
272739004
272741003
272742005
273248003
276131009
276132002
276133007
276134001
276625007
276626008
276731003
276820004
276823002
276824008
276989002
277035007
277037004
277038009
277039001
277040004
277041000
277042007
277043002
277044008
277045009
277046005
277047001
277052006
277053001
277054007
277055008
277058005
277059002
277060007
277061006
277062004
277063009
277064003
277097002
277327002
277334000
277335004
277405005
277640000
277655009
277795004
277889008
278109006
278111002
278112009
278114005
278115006
278144008
278155008
278156009
278157000
278158005
278174000
278176003
278200001
278201002
278230009
278269003
278483003
278863006
278924003
279114001
279116004
279229007
279230002
280145001
280147009
280452008
280942002
281041004
281256003
281308007
281343008
281355002
281403002
281407001
281947003
281948008
282006001
282079007
284663008
285705001
288508002
288556008
288829000
288830005
28995006
297203006
297939008
300591002
300592009
300594005
300596007
300819009
300842002
30294006
303221006
30507006
306987005
309824003
311788003
313044005
313067007
313136007
35362001
363589002
363698007
363699004
363700003
363701004
363702006
363703001
363704007
363705008
363706009
363707000
363708005
363709002
363710007
363711006
363712004
363713009
363714003
363715002
36612008
367324007
367326009
367327000
367346004
367409002
367565008
370124000
370125004
370128002
370129005
370130000
370131001
370132008
370133003
370134009
370135005
370136006
370137002
370138007
371881003
371882005
373872000
37837009
384597007
384598002
385438008
385641008
385665006
385668008
385675009
385676005
394736001
394850002
394851003
394852005
394853000
397764000
397987002
398008005
398009002
398039007
398092000
398101002
398282000
398297002
40378004
404651003
404652005
405662005
405671001
405683004
405813007
405814001
405815000
405816004
406142009
406524005
408729009
408730004
408731000
408732007
408739003
410608001
410610004
410612007
410615009
410616005
410618006
410653004
410654005
410657003
410658008
410660005
410662002
410663007
410665000
410666004
410667008
410670007
410671006
410673009
410675002
410677005
410678000
410680006
411116001
411117005
413335000
413336004
414161003
414162005
414163000
414164006
414679000
414680002
416083004
416271009
416516009
416586004
416698001
416872009
417141002
417151001
417230006
417318003
417569004
418109006
418258001
418680007
418775008
418822000
418989005
419066007
419209006
419285003
419531004
419547002
419789008
419864006
419908007
420064001
420083008
420118008
420172001
420912005
421845003
422154004
422175007
422671004
422702001
422809003
422837005
423096008
423293007
423336000
423625004
423904001
424084008
424226004
424244007
424337000
424361007
424528004
424697009
424835001
424876005
424884009
424942002
425391005
425439009
425485007
425530005
426327008
426657009
426694000
427105003
427460004
42752001
427869008
427870009
427871008
427872001
428396004
428397008
428398003
428427000
428428005
428429002
428430007
429043007
429044001
429045000
429131009
429132002
429133007
429134001
429135000
429136004
429185009
429261007
429262000
429263005
429264004
429641008
439167007
439168002
439169005
439170006
439431007
439432000
439734003
439735002
439819004
439910004
439911000
440014004
440015003
440016002
440023001
440164009
440165005
440166006
440167002
440174007
440175008
440176009
440177000
440178005
440179002
440243003
440312007
440351002
440352009
440389007
440390003
440400009
440426004
440427008
440541002
440542009
440595007
440596008
440639007
440640009
440672007
440673002
442211005
442237008
442270003
442286005
442287001
442354003
442382005
442383000
442420003
442467004
442475005
442502009
443854004
443855003
443856002
443857006
443858001
45169001
47429007
5185003
54776003
58091002
60117003
67780002
68369002
68727004
7196007
72589006
73907009
75958009
77879006
7883008
79409006
85789007
8707003
8754004
900000000000002006
900000000000003001
900000000000006009
900000000000007000
900000000000010007
900000000000011006
900000000000012004
900000000000016001
900000000000022005
900000000000118003
900000000000128007
900000000000130009
900000000000187000
900000000000380005
900000000000391003
900000000000392005
900000000000409009
900000000000410004
900000000000412007
900000000000442005
900000000000443000
900000000000444006
900000000000445007
900000000000446008
900000000000447004
900000000000448009
900000000000449001
900000000000450001
900000000000451002
900000000000452009
900000000000453004
900000000000454005
900000000000455006
900000000000456007
900000000000457003
900000000000458008
900000000000459000
900000000000460005
900000000000461009
900000000000462002
900000000000463007
900000000000464001
900000000000465000
900000000000466004
900000000000467008
900000000000468003
900000000000469006
900000000000470007
900000000000471006
900000000000472004
900000000000473009
900000000000474003
900000000000475002
900000000000476001
900000000000477005
900000000000478000
900000000000479008
900000000000480006
900000000000481005
900000000000482003
900000000000483008
900000000000484002
900000000000485001
900000000000486000
900000000000487009
900000000000488004
900000000000489007
900000000000490003
900000000000491004
900000000000492006
900000000000493001
900000000000494007
900000000000495008
900000000000496009
900000000000497000
900000000000498005
900000000000499002
900000000000500006
900000000000501005
900000000000502003
900000000000503008
900000000000504002
900000000000505001
900000000000506000
900000000000507009
900000000000508004
900000000000509007
900000000000510002
900000000000511003
900000000000512005
900000000000513000
900000000000514006
900000000000515007
900000000000516008
900000000000517004
900000000000518009
900000000000519001
900000000000520007
900000000000521006
900000000000522004
900000000000523009
900000000000524003
900000000000525002
900000000000526001
900000000000527005
900000000000528000
900000000000529008
900000000000530003
900000000000531004
900000000000532006
900000000000533001
900000000000534007
900000000000535008
900000000000536009
900000000000537000
900000000000538005
900000000000539002
900000000000540000
900000000000541001
900000000000542008
900000000000543003
900000000000544009
900000000000545005
900000000000546006
900000000000547002
900000000000548007
900000000000549004
900000000000550004
900000000000441003
900000000000074008
900000000000207008
