376961004
134533007
326929001
326931005
377373004
377374005
400768003
400453003
400886006
400333001
400821003
317431008
330040008
375196006
386598004
409188004
409189007
329854004
347249002
427853001
428055007
400397003
400673000
319284000
429151008
322187001
322174007
410928004
421173003
422224002
319781007
319775004
387761005
329587009
409174003
409172004
325443009
325427002
321602009
416497001
324738008
324726004
371391004
322985008
414232008
317276006
376387008
375522007
370166004
370169006
400288000
400702000
400742005
400841008
400405002
400876005
434133004
434362009
408011009
321589009
134551008
323284007
408083001
134549009
323315003
330116003
409304006
329904006
329880003
329882006
408077004
374896000
426688008
425967008
371625007
376859007
409364009
409365005
324744007
324734005
409438002
371752006
319283006
429152001
324812000
376710000
384929007
413932009
424531003
406789000
414934002
414935001
375193003
375194009
317310006
410829008
324813005
376709005
421739003
440488000
409129005
321574000
423326008
406787003
438209008
426982007
400355009
400676008
400690006
400313000
400236007
400707006
400543002
400608008
400215005
424919009
424740002
408012002
321590000
370767000
370766009
427211007
319363007
321183000
438808008
323155008
425199001
420694008
420933001
417450007
374015004
374193005
375087009
376126006
374196002
398787005
317307004
407848004
400793001
400280007
400784002
400513004
400508003
323364006
414046001
429150009
429502004
406248002
384837000
406247007
406249005
406246003
384836009
406245004
406242001
406244000
406243006
409128002
321573006
433800003
434131002
425352000
425167007
317305007
398942003
407846000
413750007
413751006
400276002
400431000
400550003
429678006
429503009
414692002
414690005
375953002
326515005
414044003
323365007
374054003
386213008
409319007
409320001
320677007
320674000
329839005
329807003
400494006
400410003
400806009
400587006
406360004
406362007
406361000
324740003
324729006
322186005
410927009
427750007
320006003
376250003
370171006
409412002
409416004
413509002
375195005
321998002
438884007
321184006
375593007
374806007
32570621000036105
32570601000036100
317377000
407927002
428789004
319997009
410828000
317309001
422341002
422066007
410902002
410903007
329838002
329806007
376861003
324572002
409185001
409184002
429374003
320000009
406240009
384835008
406241008
425041000
406790009
384892009
384890001
407913007
407912002
323285008
134550009
408082006
323316002
418969009
416839009
374621004
409305007
426402002
409167008
423176002
406788008
327083007
376472004
322898003
376388003
427953000
319996000
375809008
324180003
419948004
416506001
438460007
420397007
409173009
409171006
430084007
409415000
409419006
398905005
317306008
407847009
425838008
426683004
376860002
324570005
400558005
400406001
400654004
400372002
422315008
421005006
410861007
410863005
427802002
410862000
429506001
418754000
413510007
409413007
409417008
376708002
324814004
322225002
329525004
317196009
317223001
420649002
422053007
32570391000036101
32570331000036102
429780008
429828006
371281008
417222005
320651004
320646005
400506004
400495007
400465004
400878006
400845004
400766004
400838004
400360008
398915004
400813009
322234007
386038008
317275005
414231001
374129001
374003003
429393001
428210006
429392006
409418003
409414001
413511006
424049009
424007004
409459009
409458001
376171003
324179001
370768005